[ScreenSelector.bmp.jpg]
backuphash=9878
[ScreenSelector.bmp]
text=1;145;19;By syncwithtech.org;Wide Latin;0.497729,0.870566,0.072222,0.000000;v1,4294967295,4278190080,128.000000,1.000000,0.112150,1.000000,400,0,49152;;
backuphash=18629
textactive=1
